[app/ui]
version = 8.1.1
modtime = 1607812219.522280000

[app/launcher]
version = 8.1.1
modtime = 1607812219.542462000
